4	00000000000000000000000000000000000010000000000000000000000000100000000000000000010101001000010010000000000000000000000010110110000001011100111001101100001011111111110
5	00000000000000000000000000000000000010000000000000000000000000100000000000000000010101001000010010000000000010000011101010110110110001011100111011111110001111111111110
6	00000000000000000000000000000000000010000000001000000000000000100000000000000000010100011000000010000000000110000011101010010100110000100101000010010110001101011011110
7	00000000000000000000000000000000000010000000000000000000000000100000000010000000010100001100010010000000000010000111101010010111110000000101110111110110101101011011110
8	00000000000000000000000000000000000010000000000000000000000000100000000000000000010100001100010010000000000010000111101010010111110000000101110111110110101101011011110
9	00000000000000000000000000000000000010000010000000000000000000100000000000000000010100011000000010000000000110000011101010010100110000100101000011010110001101011011110
10	00000000000000000000000000000000000010000010000000000000000000100000000000000000010100011000000010000000000110000011101010010100110000100101000011010110001101011011110
11	00000000000000000000000000000100000000000001000010000000000000000100010000010000000101000010010011001110111000011100001001101111001110000111100101111100110111111111110
12	00000000000000000000000000000000000000000100000000100000000000100100000000011000000101000000010011010100010000000100000001110111000001010101101101101100101011111111110
13	00000000000000000000000000000000000000000100000000100000000000100100000000011000000101000000010011010100010000000100000001110111000001010101101101101100101011111111110
15	00000000000000000000000000000000000000000100000000100000000000100000000000001000000001000000000001010000000000000000000000110100000001010001001001001000001011110111110
16	00000000000000000000000000000000000000000100000000100000000000000000000000001000000001000000010001010000000000000100000000110111000001010001101101101100101011111111110
17	00000000000000000000000000000000000000000100000000100000000000100000000000001000000001000000010001010000000000000100000000110111000001010001101101101100101011111111110
20	00000000000000000000000000000000010010000000000100000000001000101101000001011101010101001000111110011100111000100100010011111111001011011101101101101110111111111111110
21	00000000000000000000000000000000010010000000000000000000001000100101000000000101000101001000011010000100010000000100000011111111001001010101101101101100101011111111110
22	00000000000000000000000000000000010010000100000000100000001000100101000000001101000101001000011011010100010000000100000011111111001001010101101101101100101011111111110
23	00000000000000000000000000000000000000000010000000000000000000000000000000000000000000010000000000000000100100000000000000010000000010100001000000000000001101010011110
24	00000000000000000000000000000000000000000010000000000000000000000000000000000000000000000000000000000000101100001000000000010000000010100001000000000000001101010011110
25	00000000000000000000000000000000000000000010000000000000000000000000000000000000000000000000000000000000101100001000000000010000000010100001000000000000001101010011110
26	00000000000000000000000000000000000000000000000000000000000000100000000000000000000001000100010000000000000000000100000000110111000001010001110111101110101011111111110
27	00000000000000000000000000000000000000000000000000000000000000100000000000000000000001000000010000000000000000000100000000110111000001010001110111101110101011111111110
29	00000000000000000000000000000000000000000000000000000000000000100100000000010000000101000100010010000100010000000100000001110111000001010101110111101110101011111111110
30	00000000000000000000000000000000000000000000000000000000000000100100000000010000000101000100010010000100010000000100000001110111000001010101110111101110101011111111110
31	00000000000000000000000000000100000000000001000010000000000000000000010000000000000000000000010000000010001000001100000000001011001100000001100100101000100001011011110
32	00000000000000000000000000000100000000000001000010000000000000000000010000000000000000000000000000000010001000001000000000001000001100000001000000101000000000011011110
33	00000000000000000000000000000100000000000001000010000000000000000000010000000000000000000000000000000010001000001000000000001000001100000001000000101000000000010011110
34	00000000000000000000000000000100000000000101000010000000000000000000010000000000000000000000000000000010001000001000000000001000001100000001000000101000000000010111110
35	00000000000000000000000010000100000000000001000011000000100000010000011100000000000000000000001000000010001000001000000100101000001101011001100000101000000010110111110
37	00000000000000000000000000000100000000000001000010000000000000000100010000010000000101000011000010001110111000011000001001101100011110000111000001111000010110110111110
38	00000000000000000000000000000100000000000001000010000000000000000100010000010000000101000011000010001110111000011000001001101100011110000111000001111000010110110111110
39	00000000000000000000000000000100000000000001000010000000000000000100010000010000000101000010010011001110111000011100001001101111001111010111111101111100110111111111110
40	00000000000000000000000000000000000000000000000000000000000000000000000000000000000001000000000000000000000000000000000000100100000001010000010011001110000010101111010
41	00000000000000000000000000000100000000000001000010000000000000000100010000010000000101000010010011001110111000011100001001101111001110000111100101111100110111111111110
42	00000000000000000000000000000100000000000001000010000000000000000100010000010000000101000010000011001110111000011000001001101100001110000111000001111000010110110111110
44	00000000000000000000000000000000000000000000000000000000000000000000000000000000000001000000000000000000000000000000000000100100000001010000010011001110000010101111010
45	00000000000000000000000000000100000000000001000010000000000000000100010000010000000101000010010011001110111000011100001001101111001110000111100101111100110111111111110
46	00000000000000000000000000000100000000000001000010000000000000000100010000010000000101000010000011001110111000011000001001101100001110000111000001111000010110110111110
47	00000000000000000000000000000100000000000001000010000000000000000100010000010000000101000010000011001110111000011000001001101100001110000111000001111000010110110111110
48	00000000000000000000000000000100000000000001000010000000000000000100010000010000000101000010010011001110111000011100001001101111001110000111100101111100110111111111110
49	00000000000000000000000000000100000000000001000010000000000000000100010000010000000101000010010011001110111000011100001001101111001110000111100101111100110111111111110
50	00000000000000000000000000000000000000000000000000000000000000000000000000000000000001000000000000000000000000000000000000100100000001010000010011001110000010101111010
51_0_5	00000000000000000000000000000100000000000001000010000000000000000100010000010000000101000010010011001110111000011100001001101111001111010111111101111100110111111111110
51_0_95	00000000000000000000000000000100000000000001000010000000000000000000010000000000000000000011000000000010101000001011101000001000001110000001000000111000010100011000100
52_0_10	00000000000000000000000000000100000000000001000010000000000000000100010000010000000101000010010011001110111000011100001001101111001111010111111101111100110111111111110
52_0_90	00000000000000000000000000000100000000000001000010000000000000000000010000000000000000000011000000000010101000001011101000001000001110000001000000111000010100011000100
53_0_25	00000000000000000000000000000100000000000001000010000000000000000100010000010000000101000010010011001110111000011100001001101111001111010111111101111100110111111111110
53_0_75	00000000000000000000000000000100000000000001000010000000000000000000010000000000000000000011000000000010101000001011101000001000001110000001000000111000010100011000100
56_0_10	00000000000000000000000000000100000000000001000010000000000000000100010000010000000101000010010011001110111000011100001001101111001111010111111101111100110111111111110
56_0_90	00000000000000000000000000000100000000000001000010000000000000000000010000000000000000000011000000000010101000001011101000001000001110000001000000111000010100011000100
58_0_10	00000000000000000000000000000100000000000001000010000000000000000100010000010000000101000010010011001110111000011100001001101111001111010111111101111100110111111111110
58_0_90	00000000000000000000000000000100000000000001000010000000000000000000010000000000000000000000000000000010101000001010000000001000001110000001000000101000010100011000100
59	00000000000000000000000000000000000000000000000000000000000000000000000000000000000001000000000000000000000000000000000000100100000001010000010011001110000010101111010
60_0_10	00000000000000000000000000000100000000000001000010000000000000000100010000010000000101000010010011001110111000011100001001101111001111010111111101111100110111111111110
60_0_90	00000000000000000000000000000100000000000001000010000000000000000000010000000000000000000011000000000010101000001011101000001000001110000001000000111000010100011000100
61	00000000000000000000000000000100000000000001000010000000000000000100010000010000000101000010010011001110111000011100001001101111001110000111100101111100110111111111110
62	00000000000000000000000000000100000000000001000010000000000000000100010000010000000101000010010011001110111000011100001001101111001110000111100101111100110111111111110
64	00000000000000000000000000000100000000000001000010000000000000000100010000010000000101000010010011001110111000011100001001101111001110000111100101111100110111111111110
65	00000000000000000000000000000100000000000001000010000000000000000100010000010000000101000010000011001110111000011000001001101100001110000111000001111000010110110111110
67_0_60	00000000000000000000000000000100000000000001000010000000000000000100010000010000000101000010010011001110111000011100001001101111001110000111100101111100110111111111110
67_0_40	00000000000000000000000000010000000000000000000000000000000000000000000000000000001010000011000000001000100000010000001000010000110110100001000000010001011101110100101
68	00000000000000000010000000000000000000000011100000000000000000000000010000000000000000010000000000000010000100000000000000001000001100100001000000001000000000010011110
69	00000000000000000010000000000000000000000011100000000000000000000000010000000000000000010000000000000010000100000000000000001000001100100001000000001000000000010011110
71_0_30	00000000000000001001001000100110000000000001000010100000000000000010010000001000000000000111010010110110111001001000001000011110111110001111100001111000011101011011110
71_0_70	00000000000000000000000000010100000000000001000010000000000000000000010000000000000000010000000000000010001100001000000000001000001100100001000000101000000000010011110
72	00000000000000000000000000000000000010000000000000000000000000100000000000000000010101001000000010000000000010000011101010110100110001010101000011011110001111111111110
73	00000000000000000000000000000000000010000000000000000000000000100000000000000000010101001000010010000000000010000111101010110111110001010101110111111110101111111111110
74	00000000000000000000000000000000000010000000000000000000000000100100000000010000010101001000000010000100010010000011101011110100110001010101000011011110001111111111110
75	00000000000000000000000000000000000000000000000000000000000000000000000000000000000000000000010000000000000000000100000000010011000000000001000100100000101001011011110
76	00000000000000000000000000000000000000000000000000000000000000000000000010000000000000000000010000000000000000000100000000010011000000000001100110100110101001011011110
77	00000000000000000000000000000000000000000000000000000000000000000000000010000000000000000100010000000000000000000100000000010011000000000001110110100110101001011011110
81	00000000000000000000000000100000000000000000000000100000000000100010000000011000000101100000010010011100010000001001000001110100000000000101000001001010011011111111110
82	00000000000000000010000000000000000000000001100000000000000000000000010000000000000000000100010000000010000000000100000000001011001100000001100100101100100001011011110
83	00000000000000000010000000000000000000000001100000000000000000000000010000000000000000000000010000000010000000000100000000001011001100000001000100101000100001011011110
84	00000000000000000010000000000000000000000001100000000000000000000000010010000000000000000100010000000010000000000100000000001011001100000001110110101110100001011011110
87	00000000000000000000000000011100000000000001000010000000000000000000010000000000000000000000000000000010101000001000000000001000001110100001000000101000010100010000100
88	00000000000000000000000000010100000000000001000010000000000000000000010000000000000000000011000000000010101000001000001000001000011110100011000000111000010100010000100
90	00000000000000000000000000000100000000000001000010000000000000000000010000000000000000000011000000000010101000001011101000001000001110000001000000111000010100011000100
91	00000000000000000000000000000100000000000001000010000000000000000000010000000000001010000011000000001010101000011000001000001000001110000011000000111001010100110100100
92	00000000000000000000000000000100000000000011000010000000000000000000010000000000000000000011000000000010101100001000001000001000001110100001000000111000010100010000100
93	00000000000000000000000000000000000000000000000000000000000000000000000000000000000000010000000000000001000100000000000000010000000000100001000000000000001001010011110
94	00000000000000000000000000000000000000000000000000000000000000000000000000000000000000000000010000000000000000000100000000010011000000000001000100100000101001011011110
95	00000000000000000000000000000000000000000000000000000100000000000000000000000000001010000010000001001000100000010000001000010000000110000001000000010001011101110100100
99	00000000000000000000100000000000000000000000000010000000000000000000000000000000000000000000010000000010001010001011101000001010001010000000010000111100010101011000100
100	00000000000000000001001000100000000000000000000000100000000000100010000000001000000000000011000010010100110000001000001000010100000010000001000001010000001101010011110
101_1_50	00000000000000000000000000000110000000000000001001000000000000000000000000000000000000000011000000000000100000001000001000010100000010100001000001011000011101010011111
101_1_50	00000000000000000001001000100000000000000000000000100000000000100010000000001000000000000011000010010100110000001000001000010100000010000001000001010000001101010011110
102	00000000000000000000000000000110000000000000001001000000000000000000000000000000000000000011000000000000100000001000001000010100000010100001000001011000011101010011111
104	00000000000000000000000000000100000000000001000010000000000000000000010000000000000000000000000000000010101000001010000000001000001110000001000000101000010100011000100
105	00000000000000000000000000000000000000000000001000000000000000000000000000000000000000010000000000000000000100000000000000010000000000100001000000000000001001010011110
108	00000000000000000000000000000000000000000000001000000000000000000000000000000000000000010000000000000000000100000000000000010000000000100001000000000000001001010011110
109
110	00000000000000000000100000000000000000000000000010000000000000000000000000000000001000001010010000000010101010001000101000001010001010000010010000111100010101011000100
111	00000000000000000000100000000000000000000000000010000000000000000000000000000000001000001010010000000010101010001000101000001010001010000010010000111100010101011000100
112	00000000000000000000100000000000000000000000000010000000000000000000000000000000001000001010010000000010101010001000101000001010001010000010010000111100010101011000100
114	00000000000000000000100000000000000000000000000010000000000000000000000000000000001000001010010000000010101010001000101000001010001010000010010000111100010101011000100
115
116	00000000000000000000000000000000000000000000000000000010000000000100000000000101100110000011000110000000100000010000000011010000000100000101001000000001001111110110110
118	00000000000000000000000000000000000000000100000000000000000000000000000000000000000000000000000000000000000000000000000000010000000000000001000000000000001001010111110
119	00000000000000000000000000000000000000000000000000000000000000000100000000000000000000000000000000100000000000000000000001010000000000000101000000000000001001010111110
120	00000000000000000000000000000000000000000000000000000000000000000000000000000000000000000000000000000000000000000000000000010000000000000001000000000000001001010011110
121	00000000000000000000000000000000000000000000000000000100000000000000000000000000001010000010000001001000100000010000001000010000000110000001000000010001011101110100100
122	00000000000000000000000000000000000000000000000000000000000000000000000000000000000010000000000000000000000000000000000000010000000101010001000000000001001011110111110
123
124	00000000000000000000100000000000000000000000000010000000000000000000000000000000000000000000010000000010001010001011101000001010001010000000010000111100010101011000100
125	00000000000000000000100000010000000000000000000010000000000000000000000000000000000000000000010000000010001010001000101000001010001010100010010000111100010101011000100
126	00000000000000000000000000000100000000000001000010000000000000000100010000010000000101000010010011001110111000011100001001101111001110000111100101111100110111111111110
127	00000000000000000000000000000100000000000001000010000000000000000100010000010000000101000010010011001110111000011100001001101111001110000111100101111100110111111111110
140	00000000000000000000100000000000000000000000000010000000000000000000000000000000000000000000010000000011001010001000101000001010001010100010010000111100010101011000100
141	00000000000000000000000000000100000000000001000010000000000000000100010000010000000101000010010011001110111000011100001001101111001110000111100101111100110111111111110
142	00000000000000000000000000000100000010000001001010000000000100000000010000011000010001011010000001111110111100011000001011101000001110110111000011111000010110110111110
145	00000000000000000000000000000010000000000000001001000000000000000000000000100000000001100000010000001000000010011011101000100000110000100000010000011100010100101100001
146	00000000000000000000000000000010000000000000001001000000000000000000000000100000001001101011010000001000100010011001101000100000110000100010010000011100010100101100001
147	00000000000000000000000000000010000000000000001001000000000000000000000000100000000001100000010000001000000010011011101000100000110000100000010000011100010100101100001
148	00000000000000000000000000000010000000000000001001000000000000000000000000100000001001101011010000001000100010011001101000100000110000100010010000011100010100101100001
153	00000000000000000000000000000010000000000000001001000000000000000000000000100000000001100000010000001000000010011011101000100000110000100000010000011100010100101100001
154	00000000000000000000000000000010000000000000001001000000000000000000000000100000001001101011010000001000100010011001101000100000110000100010010000011100010100101100001
155	00000000000000000000000000000010000000000000001001000000000000000000000000100000001001101011010000001000100010011001101000100000110000100010010000011100010100101100001
156	00000000000000000000000000000010000000000000001001000000000000000000000000100000001001101011010000001000100010011001101000100000110000100010010000011100010100101100001
157	00000000000000000000000000000010000000000000001001000000000000000000000000100000001001101011010000001000100010011001101000100000110000100010010000011100010100101100001
158
159	00000000000000000000000000000000000000000010000000000000000000000000000000000000001000001000000000000000101100001000001000000000000000100000000000010000010100000000000
160
161	00000000000000000000000000100000000000000000000000100000000000100010000000011000000101100000010010011100010000001001000001110100000000000101000001001010011011111111110
165	00000000000000000000000000100000000000000100000000100000000000100010000000011000000101100000010010011100010000001001000001110100000000000101001011001010011011111111110
166	00000000000000000000000000100000000000000100000000100000000000100010000000011000000101100000010010011100010000001001000001110100000000000101001011001010011011111111110